636,129
636,128
636,67
636,66
636,65
636,64
636,63
636,62
636,61
636,60
636,59
636,58
636,57
636,56
636,55
636,54
636,53
636,52
636,51
636,50
636,49
636,48
636,47
636,46
636,45
636,44
636,43
636,42
636,41
636,40
636,39
636,38
636,37
636,36
636,35
549,4
549,3
549,1
546,5
546,3
546,1
545,3
545,1
539,3
539,1
533,4
533,3
533,1
496,4
496,1
482,3
482,1
412,14
412,1
409,3
409,1
403,3
403,1
392,6
392,1
390,16
390,15
390,14
390,13
390,12
390,11
390,10
390,9
390,8
390,7
390,6
390,5
390,4
390,3
390,1
361,3
361,1
360,3
360,1
357,12
357,1
352,3
352,1
351,14
351,13
351,12
351,11
351,10
351,9
351,8
351,7
351,3
351,1
329,12
329,7
329,1
20,3
20,2
20,1
19,3
19,2
19,1
18,3
18,1
14,67
14,65
14,64
14,25
14,24
14,12
14,11
14,9
14,8
14,5
14,3
14,1
13,5
13,4
13,3
13,1
12,3
12,2
12,1
11,27
11,22
11,20
11,19
11,15
11,8
11,6
11,3
11,2
11,1
10,256
10,238
10,232
10,228
10,210
10,188
10,26
10,14
10,3
10,2
10,1
9,7
9,6
9,4
9,3
9,2
9,1
8,17
8,16
8,13
8,9
8,6
8,4
8,3
8,2
8,1
3,3
3,2
3,1
2,3
2,2
2,1
0,505
0,494
0,487
0,478
0,467
0,459
0,454
0,453
0,9
0,0
636,34
636,33
636,32
636,31
636,30
636,29
636,28
636,27
636,26
636,25
636,24
636,23
636,22
636,21
636,20
636,19
636,18
636,17
636,16
636,15
636,14
636,13
636,12
636,11
636,10
636,9
636,8
636,7
636,6
636,5
636,4
